# unix_time, cycles_done, cur_path, paths_total, pending_total, pending_favs, map_size, unique_crashes, unique_hangs, max_depth, execs_per_sec
1670472210, 0, 0, 2, 2, 2, 0.10%, 0, 0, 1, 421.05
1670472215, 0, 0, 37, 37, 2, 0.14%, 0, 0, 2, 1477.64
1670472226, 0, 5, 39, 38, 8, 0.14%, 0, 0, 2, 1752.01
1670472231, 0, 20, 39, 33, 3, 0.14%, 0, 0, 2, 1809.08
1670472236, 0, 24, 39, 32, 2, 0.14%, 0, 0, 2, 1725.82
1670472241, 1, 11, 39, 29, 0, 0.14%, 0, 0, 2, 1743.18
1670472246, 1, 22, 39, 28, 0, 0.14%, 0, 0, 2, 1368.35
1670472251, 1, 23, 39, 27, 0, 0.14%, 0, 0, 2, 1278.57
1670472256, 1, 31, 39, 25, 0, 0.14%, 0, 0, 2, 1657.15
1670472261, 1, 37, 39, 24, 0, 0.14%, 0, 0, 2, 1868.47
1670472266, 1, 39, 40, 24, 0, 0.14%, 0, 0, 3, 1926.29
1670472277, 1, 39, 41, 25, 0, 0.14%, 0, 0, 4, 1942.69
1670472282, 2, 21, 41, 23, 0, 0.14%, 0, 0, 4, 1882.48
1670472287, 3, 8, 41, 21, 0, 0.14%, 0, 0, 4, 1881.69
1670472292, 3, 19, 41, 19, 0, 0.14%, 0, 0, 4, 1881.36
1670472297, 3, 34, 41, 18, 0, 0.14%, 0, 0, 4, 1871.21
1670472302, 3, 38, 41, 17, 0, 0.14%, 0, 0, 4, 1888.91
1670472312, 4, 12, 42, 16, 0, 0.14%, 0, 0, 4, 1899.85
1670472317, 4, 29, 42, 13, 0, 0.14%, 0, 0, 4, 1875.92
1670472322, 5, 26, 42, 12, 0, 0.14%, 0, 0, 4, 1863.01
1670472327, 5, 32, 42, 11, 0, 0.14%, 0, 0, 4, 1879.37
1670472332, 5, 36, 42, 10, 0, 0.14%, 0, 0, 4, 1876.03
1670472337, 6, 16, 42, 8, 0, 0.14%, 0, 0, 4, 1883.20
1670472343, 6, 25, 42, 6, 0, 0.14%, 0, 0, 4, 1874.65
1670472348, 7, 35, 42, 5, 0, 0.14%, 0, 0, 4, 1885.82
1670472358, 8, 33, 42, 4, 0, 0.14%, 0, 0, 4, 1885.93
1670472363, 9, 29, 42, 3, 0, 0.14%, 0, 0, 4, 1879.46
1670472368, 9, 40, 42, 2, 0, 0.14%, 0, 0, 4, 1917.14
1670472383, 10, 9, 42, 1, 0, 0.14%, 0, 0, 4, 1910.24
1670472389, 11, 14, 42, 1, 0, 0.14%, 0, 0, 4, 1898.17
1670472394, 12, 40, 42, 1, 0, 0.14%, 0, 0, 4, 1886.98
1670472399, 12, 41, 42, 1, 0, 0.14%, 0, 0, 4, 1931.24
1670472409, 13, 20, 42, 0, 0, 0.14%, 0, 0, 4, 1894.91
1670472414, 15, 5, 42, 0, 0, 0.14%, 0, 0, 4, 1874.78
1670472419, 16, 13, 42, 0, 0, 0.14%, 0, 0, 4, 1888.86
1670472425, 17, 29, 42, 0, 0, 0.14%, 0, 0, 4, 1888.65
1670472430, 19, 6, 42, 0, 0, 0.14%, 0, 0, 4, 1891.28
1670472435, 20, 24, 42, 0, 0, 0.14%, 0, 0, 4, 1886.23
1670472440, 21, 24, 42, 0, 0, 0.14%, 0, 0, 4, 1889.03
1670472445, 22, 40, 42, 0, 0, 0.14%, 0, 0, 4, 1885.55
1670472450, 24, 13, 42, 0, 0, 0.14%, 0, 0, 4, 1886.05
1670472455, 26, 5, 42, 0, 0, 0.14%, 0, 0, 4, 1866.63
1670472460, 27, 24, 42, 0, 0, 0.14%, 0, 0, 4, 1884.50
1670472466, 29, 13, 42, 0, 0, 0.14%, 0, 0, 4, 1885.94
1670472471, 31, 6, 42, 0, 0, 0.14%, 0, 0, 4, 1866.26
1670472476, 32, 20, 42, 0, 0, 0.14%, 0, 0, 4, 1869.83
1670472481, 34, 7, 42, 0, 0, 0.14%, 0, 0, 4, 1872.39
1670472486, 35, 20, 42, 0, 0, 0.14%, 0, 0, 4, 1881.28
1670472491, 37, 5, 42, 0, 0, 0.14%, 0, 0, 4, 1870.22
1670472496, 38, 9, 42, 0, 0, 0.14%, 0, 0, 4, 1882.20
1670472501, 39, 24, 42, 0, 0, 0.14%, 0, 0, 4, 1879.60
1670472507, 41, 5, 42, 0, 0, 0.14%, 0, 0, 4, 1885.46
1670472512, 42, 13, 42, 0, 0, 0.14%, 0, 0, 4, 1886.72
1670472517, 43, 29, 42, 0, 0, 0.14%, 0, 0, 4, 1881.90
1670472522, 45, 6, 42, 0, 0, 0.14%, 0, 0, 4, 1880.24
1670472527, 46, 20, 42, 0, 0, 0.14%, 0, 0, 4, 1853.21
1670472532, 47, 38, 42, 0, 0, 0.14%, 0, 0, 4, 1875.99
1670472538, 49, 9, 42, 0, 0, 0.14%, 0, 0, 4, 1881.18
1670472543, 50, 20, 42, 0, 0, 0.14%, 0, 0, 4, 1877.92
1670472548, 51, 29, 42, 0, 0, 0.14%, 0, 0, 4, 1881.21
1670472553, 53, 13, 42, 0, 0, 0.14%, 0, 0, 4, 1877.92
1670472558, 54, 20, 42, 0, 0, 0.14%, 0, 0, 4, 1882.73
1670472563, 56, 6, 42, 0, 0, 0.14%, 0, 0, 4, 1873.18
1670472569, 57, 14, 42, 0, 0, 0.14%, 0, 0, 4, 1881.65
1670472574, 58, 24, 42, 0, 0, 0.14%, 0, 0, 4, 1862.36
1670472579, 59, 36, 42, 0, 0, 0.14%, 0, 0, 4, 1849.52
1670472584, 61, 6, 42, 0, 0, 0.14%, 0, 0, 4, 1855.42
1670472589, 62, 29, 42, 0, 0, 0.14%, 0, 0, 4, 1874.77
1670472595, 64, 4, 42, 0, 0, 0.14%, 0, 0, 4, 1745.74
1670472600, 64, 33, 42, 0, 0, 0.14%, 0, 0, 4, 1517.94
1670472605, 66, 5, 42, 0, 0, 0.14%, 0, 0, 4, 1672.66
1670472610, 67, 13, 42, 0, 0, 0.14%, 0, 0, 4, 1758.72
1670472615, 68, 24, 42, 0, 0, 0.14%, 0, 0, 4, 1763.91
1670472620, 69, 34, 42, 0, 0, 0.14%, 0, 0, 4, 1744.09
1670472625, 71, 13, 42, 0, 0, 0.14%, 0, 0, 4, 1763.86
1670472630, 72, 24, 42, 0, 0, 0.14%, 0, 0, 4, 1787.94
1670472635, 73, 40, 42, 0, 0, 0.14%, 0, 0, 4, 1786.45
1670472641, 75, 13, 42, 0, 0, 0.14%, 0, 0, 4, 1815.88
1670472646, 77, 5, 42, 0, 0, 0.14%, 0, 0, 4, 1788.38
1670472651, 78, 11, 42, 0, 0, 0.14%, 0, 0, 4, 1771.29
1670472656, 79, 24, 42, 0, 0, 0.14%, 0, 0, 4, 1771.92
1670472661, 81, 13, 42, 0, 0, 0.14%, 0, 0, 4, 1759.92
1670472666, 82, 29, 42, 0, 0, 0.14%, 0, 0, 4, 1745.60
1670472671, 84, 5, 42, 0, 0, 0.14%, 0, 0, 4, 1759.14
1670472676, 85, 7, 42, 0, 0, 0.14%, 0, 0, 4, 1765.09
1670472681, 86, 21, 42, 0, 0, 0.14%, 0, 0, 4, 1788.99
1670472686, 87, 31, 42, 0, 0, 0.14%, 0, 0, 4, 1773.86
1670472691, 89, 6, 42, 0, 0, 0.14%, 0, 0, 4, 1739.47
1670472697, 90, 13, 42, 0, 0, 0.14%, 0, 0, 4, 1402.58
1670472702, 91, 6, 42, 0, 0, 0.14%, 0, 0, 4, 1286.33
1670472707, 92, 9, 42, 0, 0, 0.14%, 0, 0, 4, 1545.91
1670472712, 93, 20, 42, 0, 0, 0.14%, 0, 0, 4, 1505.28
1670472717, 94, 5, 42, 0, 0, 0.14%, 0, 0, 4, 1195.65
1670472722, 95, 13, 42, 0, 0, 0.14%, 0, 0, 4, 1458.65
1670472727, 96, 20, 42, 0, 0, 0.14%, 0, 0, 4, 1562.59
1670472732, 97, 29, 42, 0, 0, 0.14%, 0, 0, 4, 1533.47
1670472737, 99, 1, 42, 0, 0, 0.14%, 0, 0, 4, 1535.63
1670472742, 100, 9, 42, 0, 0, 0.14%, 0, 0, 4, 1650.07
1670472747, 101, 20, 42, 0, 0, 0.14%, 0, 0, 4, 1729.33
1670472752, 102, 24, 42, 0, 0, 0.14%, 0, 0, 4, 1425.17
1670472758, 103, 29, 42, 0, 0, 0.14%, 0, 0, 4, 1518.71
1670472763, 105, 5, 42, 0, 0, 0.14%, 0, 0, 4, 1538.53
1670472768, 106, 13, 42, 0, 0, 0.14%, 0, 0, 4, 1522.71
1670472773, 108, 5, 42, 0, 0, 0.14%, 0, 0, 4, 1639.68
1670472778, 109, 9, 42, 0, 0, 0.14%, 0, 0, 4, 1711.00
1670472783, 110, 17, 42, 0, 0, 0.14%, 0, 0, 4, 1693.66
1670472788, 111, 20, 42, 0, 0, 0.14%, 0, 0, 4, 1719.65
1670472793, 112, 29, 42, 0, 0, 0.14%, 0, 0, 4, 1717.02
1670472798, 114, 6, 42, 0, 0, 0.14%, 0, 0, 4, 1725.46
1670472804, 115, 20, 42, 0, 0, 0.14%, 0, 0, 4, 1768.52
1670472809, 116, 24, 42, 0, 0, 0.14%, 0, 0, 4, 1745.47
1670472814, 117, 24, 43, 1, 0, 0.14%, 0, 0, 4, 1709.86
1670472819, 119, 5, 43, 1, 0, 0.14%, 0, 0, 4, 1664.81
1670472824, 120, 0, 43, 1, 0, 0.14%, 0, 0, 4, 1241.94
1670472829, 120, 32, 43, 1, 0, 0.14%, 0, 0, 4, 1275.58
1670472834, 120, 42, 43, 1, 0, 0.14%, 0, 0, 4, 1455.22
1670472854, 121, 29, 43, 0, 0, 0.14%, 0, 0, 4, 1561.78
1670472859, 122, 24, 43, 0, 0, 0.14%, 0, 0, 4, 1566.74
1670472864, 123, 29, 43, 0, 0, 0.14%, 0, 0, 4, 1560.14
1670472869, 124, 20, 43, 0, 0, 0.14%, 0, 0, 4, 1662.80
1670472875, 126, 5, 43, 0, 0, 0.14%, 0, 0, 4, 1717.62
1670472880, 127, 20, 43, 0, 0, 0.14%, 0, 0, 4, 1741.23
1670472885, 128, 29, 43, 0, 0, 0.14%, 0, 0, 4, 1758.97
1670472890, 129, 29, 43, 0, 0, 0.14%, 0, 0, 4, 1729.37
1670472895, 131, 13, 43, 0, 0, 0.14%, 0, 0, 4, 1728.56
1670472900, 132, 29, 43, 0, 0, 0.14%, 0, 0, 4, 1712.22
1670472905, 134, 9, 43, 0, 0, 0.14%, 0, 0, 4, 1758.54
1670472910, 135, 20, 43, 0, 0, 0.14%, 0, 0, 4, 1771.29
1670472916, 137, 5, 43, 0, 0, 0.14%, 0, 0, 4, 1783.61
1670472921, 138, 9, 43, 0, 0, 0.14%, 0, 0, 4, 1767.67
1670472926, 139, 21, 43, 0, 0, 0.14%, 0, 0, 4, 1793.20
1670472931, 140, 33, 43, 0, 0, 0.14%, 0, 0, 4, 1793.99
1670472936, 142, 9, 43, 0, 0, 0.14%, 0, 0, 4, 1794.99
1670472941, 143, 9, 43, 0, 0, 0.14%, 0, 0, 4, 1757.20
1670472946, 144, 20, 43, 0, 0, 0.14%, 0, 0, 4, 1555.79
1670472951, 145, 24, 43, 0, 0, 0.14%, 0, 0, 4, 1653.34
1670472957, 147, 6, 43, 0, 0, 0.14%, 0, 0, 4, 1803.01
1670472962, 148, 11, 43, 0, 0, 0.14%, 0, 0, 4, 1798.00
1670472967, 149, 17, 43, 0, 0, 0.14%, 0, 0, 4, 1767.95
1670472972, 150, 24, 43, 0, 0, 0.14%, 0, 0, 4, 1825.04
1670472977, 152, 5, 43, 0, 0, 0.14%, 0, 0, 4, 1786.98
1670472982, 153, 5, 43, 0, 0, 0.14%, 0, 0, 4, 1689.98
1670472987, 154, 13, 43, 0, 0, 0.14%, 0, 0, 4, 1783.53
1670472992, 155, 20, 43, 0, 0, 0.14%, 0, 0, 4, 1774.59
1670472997, 156, 29, 43, 0, 0, 0.14%, 0, 0, 4, 1780.55
1670473002, 158, 7, 43, 0, 0, 0.14%, 0, 0, 4, 1802.28
1670473008, 159, 20, 44, 1, 0, 0.14%, 0, 0, 5, 1785.42
1670473013, 159, 43, 44, 1, 0, 0.14%, 0, 0, 5, 1819.87
1670473073, 160, 20, 44, 0, 0, 0.14%, 0, 0, 5, 1759.59
1670473079, 162, 5, 44, 0, 0, 0.14%, 0, 0, 5, 1794.66
1670473084, 163, 16, 44, 0, 0, 0.14%, 0, 0, 5, 1780.30
1670473089, 164, 24, 44, 0, 0, 0.14%, 0, 0, 5, 1511.09
1670473094, 165, 22, 44, 0, 0, 0.14%, 0, 0, 5, 1378.40
1670473099, 166, 20, 44, 0, 0, 0.14%, 0, 0, 5, 1469.41
1670473104, 168, 6, 44, 0, 0, 0.14%, 0, 0, 5, 1688.66
1670473109, 169, 20, 44, 0, 0, 0.14%, 0, 0, 5, 1749.39
1670473115, 171, 5, 44, 0, 0, 0.14%, 0, 0, 5, 1805.20
1670473120, 172, 20, 44, 0, 0, 0.14%, 0, 0, 5, 1800.11
1670473125, 174, 5, 44, 0, 0, 0.14%, 0, 0, 5, 1669.40
1670473130, 175, 9, 44, 0, 0, 0.14%, 0, 0, 5, 1634.63
1670473135, 176, 6, 44, 0, 0, 0.14%, 0, 0, 5, 1671.70
1670473140, 177, 9, 44, 0, 0, 0.14%, 0, 0, 5, 1735.82
1670473145, 178, 20, 44, 0, 0, 0.14%, 0, 0, 5, 1629.68
1670473150, 179, 24, 44, 0, 0, 0.14%, 0, 0, 5, 1605.94
1670473155, 181, 13, 44, 0, 0, 0.14%, 0, 0, 5, 1722.33
1670473161, 182, 24, 44, 0, 0, 0.14%, 0, 0, 5, 1747.33
1670473166, 183, 40, 44, 0, 0, 0.14%, 0, 0, 5, 1656.39
1670473171, 184, 37, 44, 0, 0, 0.14%, 0, 0, 5, 1390.99
1670473176, 185, 20, 44, 0, 0, 0.14%, 0, 0, 5, 1631.67
1670473181, 186, 29, 44, 0, 0, 0.14%, 0, 0, 5, 1442.10
1670473186, 187, 29, 44, 0, 0, 0.14%, 0, 0, 5, 1658.58
1670473191, 189, 6, 44, 0, 0, 0.14%, 0, 0, 5, 1800.75
1670473196, 190, 29, 44, 0, 0, 0.14%, 0, 0, 5, 1863.28
1670473202, 192, 9, 44, 0, 0, 0.14%, 0, 0, 5, 1764.80
1670473207, 193, 9, 44, 0, 0, 0.14%, 0, 0, 5, 1400.31
1670473212, 194, 16, 44, 0, 0, 0.14%, 0, 0, 5, 1616.87
1670473217, 195, 29, 44, 0, 0, 0.14%, 0, 0, 5, 1610.16
1670473222, 197, 20, 44, 0, 0, 0.14%, 0, 0, 5, 1678.05
1670473227, 198, 30, 44, 0, 0, 0.14%, 0, 0, 5, 1637.60
1670473232, 200, 5, 44, 0, 0, 0.14%, 0, 0, 5, 1770.84
1670473237, 201, 20, 44, 0, 0, 0.14%, 0, 0, 5, 1734.38
1670473243, 202, 29, 44, 0, 0, 0.14%, 0, 0, 5, 1700.49
1670473248, 204, 7, 44, 0, 0, 0.14%, 0, 0, 5, 1726.30
1670473253, 205, 13, 44, 0, 0, 0.14%, 0, 0, 5, 1822.44
1670473258, 206, 20, 44, 0, 0, 0.14%, 0, 0, 5, 1835.70
1670473263, 208, 5, 44, 0, 0, 0.14%, 0, 0, 5, 1766.30
1670473268, 208, 43, 44, 0, 0, 0.14%, 0, 0, 5, 1699.31
1670473273, 209, 20, 44, 0, 0, 0.14%, 0, 0, 5, 1725.03
1670473278, 211, 7, 45, 1, 0, 0.14%, 0, 0, 5, 1812.83
1670473283, 212, 24, 45, 1, 0, 0.14%, 0, 0, 5, 1715.09
1670473288, 214, 6, 45, 1, 0, 0.14%, 0, 0, 5, 1793.40
1670473293, 215, 20, 45, 1, 0, 0.14%, 0, 0, 5, 1848.06
1670473298, 216, 33, 45, 1, 0, 0.14%, 0, 0, 5, 1837.42
1670473303, 217, 44, 45, 1, 0, 0.14%, 0, 0, 5, 1846.37
1670473334, 218, 5, 45, 0, 0, 0.14%, 0, 0, 5, 1856.80
1670473339, 219, 9, 45, 0, 0, 0.14%, 0, 0, 5, 1809.82
1670473344, 220, 29, 45, 0, 0, 0.14%, 0, 0, 5, 1809.72
1670473349, 222, 5, 45, 0, 0, 0.14%, 0, 0, 5, 1813.88
1670473354, 223, 13, 45, 0, 0, 0.14%, 0, 0, 5, 1820.82
1670473359, 225, 5, 45, 0, 0, 0.14%, 0, 0, 5, 1798.32
1670473364, 226, 19, 45, 0, 0, 0.14%, 0, 0, 5, 1791.68
1670473369, 227, 20, 45, 0, 0, 0.14%, 0, 0, 5, 1781.87
1670473375, 229, 6, 45, 0, 0, 0.14%, 0, 0, 5, 1782.10
1670473380, 230, 20, 45, 0, 0, 0.14%, 0, 0, 5, 1848.11
1670473385, 231, 29, 45, 0, 0, 0.14%, 0, 0, 5, 1826.36
1670473390, 233, 13, 45, 0, 0, 0.14%, 0, 0, 5, 1803.97
1670473395, 234, 28, 45, 0, 0, 0.14%, 0, 0, 5, 1820.02
1670473400, 236, 9, 45, 0, 0, 0.14%, 0, 0, 5, 1839.19
1670473405, 237, 24, 45, 0, 0, 0.14%, 0, 0, 5, 1827.75
1670473410, 239, 6, 45, 0, 0, 0.14%, 0, 0, 5, 1809.32
1670473415, 240, 20, 45, 0, 0, 0.14%, 0, 0, 5, 1828.60
1670473420, 242, 6, 45, 0, 0, 0.14%, 0, 0, 5, 1807.41
1670473426, 243, 20, 45, 0, 0, 0.14%, 0, 0, 5, 1815.11
1670473431, 244, 4, 45, 0, 0, 0.14%, 0, 0, 5, 1852.48
1670473436, 244, 33, 45, 0, 0, 0.14%, 0, 0, 5, 1820.61
1670473441, 246, 20, 45, 0, 0, 0.14%, 0, 0, 5, 1814.42
1670473446, 247, 20, 45, 0, 0, 0.14%, 0, 0, 5, 1784.30
1670473451, 248, 29, 45, 0, 0, 0.14%, 0, 0, 5, 1784.68
1670473456, 250, 7, 45, 0, 0, 0.14%, 0, 0, 5, 1822.03
1670473461, 250, 44, 45, 0, 0, 0.14%, 0, 0, 5, 1754.46
1670473466, 252, 6, 45, 0, 0, 0.14%, 0, 0, 5, 1779.73
1670473471, 252, 29, 45, 0, 0, 0.14%, 0, 0, 5, 1662.31
1670473476, 254, 5, 45, 0, 0, 0.14%, 0, 0, 5, 1612.46
1670473482, 254, 42, 45, 0, 0, 0.14%, 0, 0, 5, 1619.83
1670473487, 256, 5, 45, 0, 0, 0.14%, 0, 0, 5, 1760.80
1670473492, 257, 20, 45, 0, 0, 0.14%, 0, 0, 5, 1734.04
1670473497, 258, 29, 45, 0, 0, 0.14%, 0, 0, 5, 1762.41
1670473502, 259, 36, 45, 0, 0, 0.14%, 0, 0, 5, 1756.48
1670473507, 261, 7, 45, 0, 0, 0.14%, 0, 0, 5, 1766.07
1670473512, 262, 24, 45, 0, 0, 0.14%, 0, 0, 5, 1763.09
1670473518, 263, 44, 45, 0, 0, 0.14%, 0, 0, 5, 1805.87
1670473523, 265, 13, 45, 0, 0, 0.14%, 0, 0, 5, 1775.07
1670473528, 266, 5, 45, 0, 0, 0.14%, 0, 0, 5, 1779.52
1670473533, 267, 20, 45, 0, 0, 0.14%, 0, 0, 5, 1807.12
1670473538, 268, 38, 45, 0, 0, 0.14%, 0, 0, 5, 1819.53
1670473543, 270, 7, 45, 0, 0, 0.14%, 0, 0, 5, 1766.53
1670473548, 271, 6, 45, 0, 0, 0.14%, 0, 0, 5, 1761.42
1670473553, 272, 20, 45, 0, 0, 0.14%, 0, 0, 5, 1771.39
1670473558, 273, 24, 45, 0, 0, 0.14%, 0, 0, 5, 1761.92
1670473564, 274, 24, 45, 0, 0, 0.14%, 0, 0, 5, 1783.54
1670473569, 276, 7, 45, 0, 0, 0.14%, 0, 0, 5, 1772.05
1670473574, 277, 24, 45, 0, 0, 0.14%, 0, 0, 5, 1775.44
1670473579, 279, 9, 45, 0, 0, 0.14%, 0, 0, 5, 1776.59
1670473584, 280, 21, 45, 0, 0, 0.14%, 0, 0, 5, 1759.45
1670473589, 281, 43, 45, 0, 0, 0.14%, 0, 0, 5, 1760.46
1670473594, 282, 24, 45, 0, 0, 0.14%, 0, 0, 5, 1800.93
1670473599, 283, 29, 45, 0, 0, 0.14%, 0, 0, 5, 1797.90
1670473604, 285, 13, 45, 0, 0, 0.14%, 0, 0, 5, 1776.70
1670473609, 286, 20, 45, 0, 0, 0.14%, 0, 0, 5, 1795.75
1670473615, 288, 5, 45, 0, 0, 0.14%, 0, 0, 5, 1831.51
1670473620, 289, 20, 45, 0, 0, 0.14%, 0, 0, 5, 1855.68
1670473625, 291, 5, 45, 0, 0, 0.14%, 0, 0, 5, 1810.07
1670473630, 292, 6, 45, 0, 0, 0.14%, 0, 0, 5, 1768.73
1670473635, 293, 20, 45, 0, 0, 0.14%, 0, 0, 5, 1769.57
1670473640, 295, 5, 45, 0, 0, 0.14%, 0, 0, 5, 1759.98
1670473646, 296, 13, 45, 0, 0, 0.14%, 0, 0, 5, 1787.65
1670473651, 297, 6, 45, 0, 0, 0.14%, 0, 0, 5, 1811.75
1670473656, 298, 20, 45, 0, 0, 0.14%, 0, 0, 5, 1762.03
1670473661, 299, 29, 45, 0, 0, 0.14%, 0, 0, 5, 1748.62
1670473666, 301, 13, 45, 0, 0, 0.14%, 0, 0, 5, 1744.65
1670473671, 302, 29, 45, 0, 0, 0.14%, 0, 0, 5, 1788.86
1670473676, 303, 20, 45, 0, 0, 0.14%, 0, 0, 5, 1801.56
1670473681, 305, 6, 45, 0, 0, 0.14%, 0, 0, 5, 1752.09
1670473687, 306, 20, 45, 0, 0, 0.14%, 0, 0, 5, 1769.34
1670473692, 307, 40, 45, 0, 0, 0.14%, 0, 0, 5, 1641.81
1670473697, 309, 13, 45, 0, 0, 0.14%, 0, 0, 5, 1739.51
1670473702, 310, 9, 45, 0, 0, 0.14%, 0, 0, 5, 1361.96
1670473707, 311, 6, 45, 0, 0, 0.14%, 0, 0, 5, 1397.79
1670473712, 312, 9, 45, 0, 0, 0.14%, 0, 0, 5, 1586.24
1670473717, 313, 14, 45, 0, 0, 0.14%, 0, 0, 5, 1547.71
1670473722, 314, 20, 45, 0, 0, 0.14%, 0, 0, 5, 1468.53
1670473727, 315, 29, 45, 0, 0, 0.14%, 0, 0, 5, 1598.90
1670473732, 316, 44, 45, 0, 0, 0.14%, 0, 0, 5, 1752.49
1670473737, 318, 6, 45, 0, 0, 0.14%, 0, 0, 5, 1772.46
1670473742, 319, 13, 45, 0, 0, 0.14%, 0, 0, 5, 1629.15
1670473748, 320, 24, 45, 0, 0, 0.14%, 0, 0, 5, 1742.58
1670473753, 321, 21, 45, 0, 0, 0.14%, 0, 0, 5, 1723.94
1670473758, 322, 29, 45, 0, 0, 0.14%, 0, 0, 5, 1708.77
1670473763, 324, 6, 45, 0, 0, 0.14%, 0, 0, 5, 1562.04
1670473768, 325, 20, 45, 0, 0, 0.14%, 0, 0, 5, 1702.50
1670473773, 326, 24, 45, 0, 0, 0.14%, 0, 0, 5, 1743.97
1670473778, 327, 29, 45, 0, 0, 0.14%, 0, 0, 5, 1796.67
1670473783, 329, 5, 45, 0, 0, 0.14%, 0, 0, 5, 1790.99
1670473788, 330, 7, 45, 0, 0, 0.14%, 0, 0, 5, 1818.89
1670473793, 331, 29, 45, 0, 0, 0.14%, 0, 0, 5, 1802.33
1670473798, 333, 9, 45, 0, 0, 0.14%, 0, 0, 5, 1824.70
1670473803, 335, 0, 45, 0, 0, 0.14%, 0, 0, 5, 1840.79
1670473808, 336, 5, 45, 0, 0, 0.14%, 0, 0, 5, 1721.01
1670473814, 337, 6, 45, 0, 0, 0.14%, 0, 0, 5, 1717.50
1670473819, 338, 9, 45, 0, 0, 0.14%, 0, 0, 5, 1740.90
1670473824, 339, 29, 45, 0, 0, 0.14%, 0, 0, 5, 1746.33
1670473829, 341, 9, 45, 0, 0, 0.14%, 0, 0, 5, 1738.63
1670473834, 342, 9, 45, 0, 0, 0.14%, 0, 0, 5, 1777.24
